0000 42442287,-71303051 42439753,-71300304
0100 42442287,-71300304 42439753,-71297557
0200 42442287,-71297557 42439753,-71294811
0300 42442287,-71294811 42439753,-71292064
0400 42442287,-71292064 42439753,-71289318
0001 42439753,-71303051 42437220,-71300304
0101 42439753,-71300304 42437220,-71297557
0201 42439753,-71297557 42437220,-71294811
0301 42439753,-71294811 42437220,-71292064
0401 42439753,-71292064 42437220,-71289318
0002 42437220,-71303051 42434686,-71300304
0102 42437220,-71300304 42434686,-71297557
0202 42437220,-71297557 42434686,-71294811
0302 42437220,-71294811 42434686,-71292064
0402 42437220,-71292064 42434686,-71289318
0003 42434686,-71303051 42432152,-71300304
0103 42434686,-71300304 42432152,-71297557
0203 42434686,-71297557 42432152,-71294811
0303 42434686,-71294811 42432152,-71292064
0403 42434686,-71292064 42432152,-71289318
0004 42432152,-71303051 42429618,-71300304
0104 42432152,-71300304 42429618,-71297557
0204 42432152,-71297557 42429618,-71294811
0304 42432152,-71294811 42429618,-71292064
0404 42432152,-71292064 42429618,-71289318
