0000 42451803,-71312299 42445470,-71305861
0100 42451803,-71305861 42445470,-71299424
0200 42451803,-71299424 42445470,-71292987
0300 42451803,-71292987 42445470,-71286550
0400 42451803,-71286550 42445470,-71280112
0001 42445470,-71312299 42439136,-71305861
0101 42445470,-71305861 42439136,-71299424
0201 42445470,-71299424 42439136,-71292987
0301 42445470,-71292987 42439136,-71286550
0401 42445470,-71286550 42439136,-71280112
0002 42439136,-71312299 42432801,-71305861
0102 42439136,-71305861 42432801,-71299424
0202 42439136,-71299424 42432801,-71292987
0302 42439136,-71292987 42432801,-71286550
0402 42439136,-71286550 42432801,-71280112
0003 42432801,-71312299 42426466,-71305861
0103 42432801,-71305861 42426466,-71299424
0203 42432801,-71299424 42426466,-71292987
0303 42432801,-71292987 42426466,-71286550
0403 42432801,-71286550 42426466,-71280112
0004 42426466,-71312299 42420130,-71305861
0104 42426466,-71305861 42420130,-71299424
0204 42426466,-71299424 42420130,-71292987
0304 42426466,-71292987 42420130,-71286550
0404 42426466,-71286550 42420130,-71280112
