0000 42437524,-71297901 42436891,-71297214
0100 42437524,-71297214 42436891,-71296527
0200 42437524,-71296527 42436891,-71295841
0300 42437524,-71295841 42436891,-71295154
0400 42437524,-71295154 42436891,-71294467
0001 42436891,-71297901 42436258,-71297214
0101 42436891,-71297214 42436258,-71296527
0201 42436891,-71296527 42436258,-71295841
0301 42436891,-71295841 42436258,-71295154
0401 42436891,-71295154 42436258,-71294467
0002 42436258,-71297901 42435624,-71297214
0102 42436258,-71297214 42435624,-71296527
0202 42436258,-71296527 42435624,-71295841
0302 42436258,-71295841 42435624,-71295154
0402 42436258,-71295154 42435624,-71294467
0003 42435624,-71297901 42434991,-71297214
0103 42435624,-71297214 42434991,-71296527
0203 42435624,-71296527 42434991,-71295841
0303 42435624,-71295841 42434991,-71295154
0403 42435624,-71295154 42434991,-71294467
0004 42434991,-71297901 42434357,-71297214
0104 42434991,-71297214 42434357,-71296527
0204 42434991,-71296527 42434357,-71295841
0304 42434991,-71295841 42434357,-71295154
0404 42434991,-71295154 42434357,-71294467
