0000 42455761,-71317663 42447845,-71309080
0100 42455761,-71309080 42447845,-71300497
0200 42455761,-71300497 42447845,-71291914
0300 42455761,-71291914 42447845,-71283331
0400 42455761,-71283331 42447845,-71274748
0001 42447845,-71317663 42439928,-71309080
0101 42447845,-71309080 42439928,-71300497
0201 42447845,-71300497 42439928,-71291914
0301 42447845,-71291914 42439928,-71283331
0401 42447845,-71283331 42439928,-71274748
0002 42439928,-71317663 42432009,-71309080
0102 42439928,-71309080 42432009,-71300497
0202 42439928,-71300497 42432009,-71291914
0302 42439928,-71291914 42432009,-71283331
0402 42439928,-71283331 42432009,-71274748
0003 42432009,-71317663 42424090,-71309080
0103 42432009,-71309080 42424090,-71300497
0203 42432009,-71300497 42424090,-71291914
0303 42432009,-71291914 42424090,-71283331
0403 42432009,-71283331 42424090,-71274748
0004 42424090,-71317663 42416170,-71309080
0104 42424090,-71309080 42416170,-71300497
0204 42424090,-71300497 42416170,-71291914
0304 42424090,-71291914 42416170,-71283331
0404 42424090,-71283331 42416170,-71274748
