0000 42448636,-71309938 42443569,-71304445
0100 42448636,-71304445 42443569,-71298952
0200 42448636,-71298952 42443569,-71293459
0300 42448636,-71293459 42443569,-71287966
0400 42448636,-71287966 42443569,-71282473
0001 42443569,-71309938 42438502,-71304445
0101 42443569,-71304445 42438502,-71298952
0201 42443569,-71298952 42438502,-71293459
0301 42443569,-71293459 42438502,-71287966
0401 42443569,-71287966 42438502,-71282473
0002 42438502,-71309938 42433435,-71304445
0102 42438502,-71304445 42433435,-71298952
0202 42438502,-71298952 42433435,-71293459
0302 42438502,-71293459 42433435,-71287966
0402 42438502,-71287966 42433435,-71282473
0003 42433435,-71309938 42428366,-71304445
0103 42433435,-71304445 42428366,-71298952
0203 42433435,-71298952 42428366,-71293459
0303 42433435,-71293459 42428366,-71287966
0403 42433435,-71287966 42428366,-71282473
0004 42428366,-71309938 42423298,-71304445
0104 42428366,-71304445 42423298,-71298952
0204 42428366,-71298952 42423298,-71293459
0304 42428366,-71293459 42423298,-71287966
0404 42428366,-71287966 42423298,-71282473
