0000 42439112,-71299617 42437845,-71298244
0100 42439112,-71298244 42437845,-71296871
0200 42439112,-71296871 42437845,-71295497
0300 42439112,-71295497 42437845,-71294124
0400 42439112,-71294124 42437845,-71292751
0001 42437845,-71299617 42436578,-71298244
0101 42437845,-71298244 42436578,-71296871
0201 42437845,-71296871 42436578,-71295497
0301 42437845,-71295497 42436578,-71294124
0401 42437845,-71294124 42436578,-71292751
0002 42436578,-71299617 42435311,-71298244
0102 42436578,-71298244 42435311,-71296871
0202 42436578,-71296871 42435311,-71295497
0302 42436578,-71295497 42435311,-71294124
0402 42436578,-71294124 42435311,-71292751
0003 42435311,-71299617 42434044,-71298244
0103 42435311,-71298244 42434044,-71296871
0203 42435311,-71296871 42434044,-71295497
0303 42435311,-71295497 42434044,-71294124
0403 42435311,-71294124 42434044,-71292751
0004 42434044,-71299617 42432777,-71298244
0104 42434044,-71298244 42432777,-71296871
0204 42434044,-71296871 42432777,-71295497
0304 42434044,-71295497 42432777,-71294124
0404 42434044,-71294124 42432777,-71292751
